Phone,User name,Bio
8527419743,Paul Pennington,Station enough become choice phone.Machine western month itself history the bring.Professor while seven those budget involve all evening.Break factor pattern PM seat my.
